6
6-0-0 7-0-0 3 100 5000000 0.000001
6-0-1 7-0-1 3 101 5000000 0.001000
6-0-0 7-0-1 3 102 5000000 0.010001
6-0-1 7-0-0 3 103 5000000 0.020001
6-0-0 7-0-1 3 104 5000000 0.035001
6-0-1 7-0-0 3 105 5000000 0.045001

6 7 3 100 200000000 0.000001
6 10 3 100 200000000 0.000001
6 14 3 100 200000000 0.000001
6 18 3 100 200000000 0.000001

5 9 3 100 4000000 0.004995
5 11 3 100 4000000 0.009900
5 7 3 100 4000000 0.014900

5 7 3 100 4000000 0.001000
9 11 3 100 4000000 0.003000
5 9 3 100 4000000 0.006000
7 11 3 100 4000000 0.009000
5 11 3 100 4000000 0.011000
7 9 3 100 4000000 0.013000

6 10 3 100 200000000 0.000001

6 9 3 100 200000 0.029880
6 9 3 100 200000 0.029900
6 9 3 100 200000 0.029920
6 9 3 100 200000 0.029940

6 7 3 100 200000 0.009900
6 7 3 100 200000 0.009920
6 7 3 100 200000 0.009940
6 7 3 100 200000 0.009960

6 7 3 100 200000 0.009988
6 7 3 100 200000 0.009989
6 8 3 100 200000 0.009995
6 8 3 100 200000 0.010000

6 7 3 100 4000 0.009989
6 7 3 100 4000 0.009990
6 8 3 100 4000 0.009995
6 8 3 100 4000 0.010000

6 7 3 100 200000 0.000001
6 8 3 100 200000 0.000001
6 9 3 100 200000 0.000001
7 12 3 100 200000 0.000001
8 15 3 100 200000 0.000001
9 6 3 100 200000 0.000001

6 7 3 100 2000 0.000001
3 6 3 100 200000 0.000001
6 10 3 100 50000000 0.000001
7 14 3 101 50000000 0.000001
8 18 3 102 50000000 0.000001
9 11 3 103 50000000 0.000001
6 10 3 100 200000 2.011
6 10 3 101 180000 2.011
3 4 3 100 200000000 2.0
6 7 3 100 200000000 2
6 7 3 101 200000000 2

First line: # of flows
src0 dst0 3 dst_port0 size0 start_time0
src1 dst1 3 dst_port1 size1 start_time1
...

Please order the flows in ascending start_time!
